894.6642,542.40106,0.97934693,902.0014,528.6526,0.91421926,883.60236,528.8918,0.96322155,904.6451,524.57336,0.5058887,849.9485,524.3033,0.8390588,933.89966,561.1203,0.9825449,792.1624,594.9882,0.9867094,1018.3933,576.6147,0.94416016,769.606,676.7154,0.95994896,1024.3993,575.70135,0.8990376,848.4937,634.155,0.9267349,918.06793,784.5214,0.9637635,809.0743,800.5675,0.96579427,973.8333,942.00385,0.6350581,751.3281,966.12177,0.6500306,0.0,0.0,0.1830829,0.0,0.0,0.17805344
907.2497,546.5449,0.9747338,917.4732,533.9111,0.8928753,894.20807,534.1373,0.95759887,0.0,0.0,0.49488753,861.99084,535.61426,0.83517873,936.28253,577.0698,0.9776487,814.66315,607.6733,0.9889626,984.77747,586.926,0.93355334,794.8182,692.3991,0.9710297,1048.4832,578.88324,0.88824755,856.76385,673.71484,0.9423036,923.09766,786.5741,0.96606886,827.26874,801.19775,0.97408664,974.8307,942.51416,0.7166732,770.1702,956.65594,0.7691744,0.0,0.0,0.2818105,0.0,0.0,0.30579397
936.8722,550.07263,0.97196114,942.45197,536.92456,0.8629694,923.8059,537.12744,0.95629823,0.0,0.0,0.36037862,881.77374,538.35846,0.84005445,970.398,580.2083,0.97457576,821.6593,610.097,0.98714674,1047.6599,593.5778,0.92815775,804.1187,696.68414,0.9681208,1021.38245,560.1325,0.88876665,869.69556,677.372,0.9436247,948.49,795.0745,0.9612822,834.7273,807.0515,0.9700557,1001.0327,940.6353,0.6845144,781.7961,958.828,0.73860574,0.0,0.0,0.2552723,0.0,0.0,0.27320114
956.6188,550.3136,0.9616215,963.86304,537.3996,0.8406845,946.27826,535.53595,0.9461166,0.0,0.0,0.36209616,908.73236,534.9597,0.8306103,984.46875,588.4063,0.965719,847.8536,607.2237,0.98299384,1058.1934,641.238,0.8993646,813.0311,705.8313,0.9566521,990.78906,587.0232,0.8627784,886.43555,652.8562,0.9309844,960.2496,802.1813,0.94439965,852.0866,813.0487,0.9564598,1025.0704,946.13965,0.52381927,816.545,974.65576,0.594635,0.0,0.0,0.1368764,0.0,0.0,0.1518419
982.1047,556.357,0.9476991,987.4373,544.29596,0.7488835,973.60406,540.51685,0.9383958,0.0,0.0,0.2316526,932.62244,537.687,0.85399497,987.5261,602.3849,0.9482755,861.8899,605.6478,0.9825973,1037.0769,680.79785,0.85793144,835.6509,700.14734,0.963295,997.5176,629.0918,0.82485086,922.41437,618.7575,0.940421,962.18005,812.90155,0.92666835,859.9223,820.0599,0.95184594,0.0,0.0,0.47129086,836.11505,968.7014,0.5902334,0.0,0.0,0.11899353,0.0,0.0,0.14779882
999.6918,567.7275,0.87254024,0.0,0.0,0.4613465,993.76984,552.8307,0.8749016,0.0,0.0,0.12460987,957.1138,545.5803,0.83313733,976.88763,608.3453,0.8944907,898.45917,595.2518,0.9808967,993.09705,702.9871,0.77596843,885.65283,674.1328,0.97554713,1002.95416,672.36316,0.75506204,968.8261,627.0345,0.9534554,957.83887,816.60315,0.9081025,883.8229,817.9552,0.9565602,0.0,0.0,0.41120887,870.35284,963.26733,0.6137664,0.0,0.0,0.10451103,0.0,0.0,0.15843202
1008.81116,587.53253,0.81915134,0.0,0.0,0.33755982,1001.9154,573.9692,0.8041582,0.0,0.0,0.08670642,961.4026,560.5014,0.7428581,969.4084,616.6894,0.8451735,925.9778,592.4753,0.9627431,991.47363,694.05743,0.77845675,1005.96375,622.78107,0.96872634,1006.1435,693.8754,0.76504624,1100.9355,603.3122,0.9416264,942.43695,836.6382,0.870388,882.64343,834.356,0.9320933,0.0,0.0,0.3447933,867.0141,981.5484,0.523196,0.0,0.0,0.094792835,0.0,0.0,0.13399704
1018.25397,600.104,0.75426066,0.0,0.0,0.23118462,1011.2555,586.08093,0.7400199,0.0,0.0,0.06347477,969.03827,574.7657,0.722378,970.6643,639.3869,0.823961,926.08014,600.4345,0.9596961,984.13916,715.7414,0.77636665,1005.1861,608.3665,0.97203964,1016.72186,699.6281,0.7813829,1145.4705,596.3046,0.94971,940.3741,858.8302,0.86609787,879.8539,852.3666,0.93117434,0.0,0.0,0.34114134,875.7955,974.1001,0.5235365,0.0,0.0,0.09196978,0.0,0.0,0.13166226
1025.9198,602.61786,0.90251315,0.0,0.0,0.4948469,1017.20984,588.2217,0.8930973,0.0,0.0,0.12854369,973.9426,580.45703,0.82910454,984.19025,653.5785,0.91358393,938.994,612.4574,0.981016,985.60474,738.93317,0.8380037,1035.962,624.30963,0.9804915,1011.2275,716.5088,0.81169176,1171.592,598.1485,0.9560785,947.8486,860.52014,0.92904794,882.1738,851.21466,0.964068,1038.5317,975.63684,0.5096509,851.77313,978.05536,0.68343514,0.0,0.0,0.16659324,0.0,0.0,0.22848718
1037.4781,612.1992,0.94179654,1045.5946,603.1615,0.6802327,1030.1975,596.5093,0.938796,0.0,0.0,0.21184826,989.19366,586.1742,0.87247074,994.56287,658.6511,0.93131536,952.27405,624.11224,0.98081243,998.4328,748.4429,0.825864,1027.133,651.96704,0.9711316,1013.8913,759.66876,0.7856532,1142.6909,617.61884,0.9394167,944.3711,855.16095,0.89240086,882.23425,847.8836,0.9372608,0.0,0.0,0.3509913,876.1179,976.57416,0.5020235,0.0,0.0,0.093412675,0.0,0.0,0.12459227
1047.7778,609.0235,0.9256291,1051.0645,598.80365,0.56227195,1042.6923,595.3526,0.9261008,0.0,0.0,0.16444139,999.6912,583.8857,0.89068043,989.3266,637.5316,0.9449819,956.8978,624.5922,0.9888235,984.8315,739.22864,0.8514544,1000.8798,679.9638,0.98277676,998.0223,795.8571,0.79463226,1066.818,638.2882,0.9568838,947.1513,814.5348,0.9574805,896.42017,814.0906,0.9792172,1036.4879,936.8257,0.67438304,860.7272,952.3109,0.81421494,0.0,0.0,0.2969048,0.0,0.0,0.3864381
1048.8456,600.32996,0.72206813,0.0,0.0,0.24096604,1046.8792,585.50415,0.7221723,0.0,0.0,0.09813383,1017.50433,579.6325,0.7597536,1019.1868,647.0276,0.85315084,944.60706,622.772,0.9830314,1005.5918,754.9457,0.7641378,916.8251,678.4304,0.9851511,1027.4323,813.7101,0.7325178,1007.9731,639.0788,0.96331185,970.1485,826.11646,0.94208133,898.7293,820.7835,0.9778617,1036.9244,945.2437,0.5986588,855.1066,945.7216,0.8049389,0.0,0.0,0.22963247,0.0,0.0,0.35534567
1049.8641,601.271,0.95475453,1062.0688,591.2179,0.79161966,1042.761,584.7232,0.94765276,0.0,0.0,0.31281343,1007.7352,579.1022,0.87216085,1043.681,657.6936,0.93726104,922.1954,631.0981,0.9886791,1039.5653,746.6915,0.83706176,868.34424,667.3004,0.9770174,1077.5608,808.6364,0.7903083,954.0769,622.0163,0.9461614,976.9733,848.45294,0.9072312,876.8332,842.91473,0.9508571,0.0,0.0,0.41898757,803.49866,956.2944,0.5830583,0.0,0.0,0.12168334,0.0,0.0,0.16887254
1021.36285,593.61774,0.89433974,1035.4661,588.8311,0.7814892,1024.4408,579.0416,0.7372021,1043.4375,609.9654,0.57269144,0.0,0.0,0.47066987,1052.3082,675.2159,0.9737169,930.0844,634.42224,0.95884997,1096.0853,750.7061,0.9620383,864.1103,648.8395,0.92001426,1142.3624,806.22894,0.929885,959.9028,614.9396,0.86881673,964.7796,854.1523,0.95860535,867.1562,840.25323,0.9388041,1008.27545,968.6475,0.5821323,0.0,0.0,0.49087575,0.0,0.0,0.16002648,0.0,0.0,0.12597643
1031.2333,608.0938,0.96371955,1046.1501,601.81805,0.90374744,1029.2186,591.50287,0.91910106,1050.7717,612.97186,0.6169632,1006.7551,584.1388,0.7196595,1055.6375,667.6912,0.9817091,924.21533,636.3608,0.9793434,1125.6965,724.0999,0.9560733,866.89844,658.12177,0.94026846,1187.988,783.67584,0.9176374,944.3136,627.96277,0.89153844,972.0994,850.566,0.9568956,871.07465,839.00635,0.9455097,1000.5941,969.54095,0.5836509,787.6033,961.54877,0.5351973,0.0,0.0,0.17701411,0.0,0.0,0.15332149
1040.4991,615.1484,0.9479279,1053.0973,606.5032,0.8672011,1037.0939,599.6946,0.8812556,1057.2601,615.7286,0.57451123,1015.9739,596.7384,0.64321095,1069.7941,669.1762,0.9789603,934.05927,648.7746,0.9717397,1134.6215,723.78235,0.9584009,879.79065,687.2366,0.93009305,1156.3341,721.80927,0.9230607,956.92975,638.6847,0.8801991,972.7379,851.5626,0.9533845,867.02106,841.73517,0.9362115,1005.22925,971.0702,0.55826724,0.0,0.0,0.48540133,0.0,0.0,0.14966491,0.0,0.0,0.121005744
1046.2262,618.9223,0.9431968,1059.2092,611.4352,0.8301169,1044.674,602.8286,0.89421725,0.0,0.0,0.46945307,1022.069,599.1936,0.6963139,1065.8423,673.36816,0.96459,935.7266,654.5386,0.97286576,1126.0498,722.58887,0.93241143,890.6238,701.1533,0.94305,1133.1538,702.42285,0.8883377,963.5475,649.84406,0.8945443,977.53986,872.7201,0.9186739,870.3269,864.1661,0.9146505,0.0,0.0,0.37512526,0.0,0.0,0.36802137,0.0,0.0,0.08088903,0.0,0.0,0.07514346
1027.8579,622.9181,0.95399773,1044.5099,615.3912,0.90362173,1025.4521,606.05035,0.8770092,1057.1697,625.1178,0.6942023,1010.3582,600.60675,0.55945283,1070.8103,679.6925,0.98220026,938.885,651.9895,0.96021044,1126.2224,751.1344,0.96344304,888.20294,709.5806,0.8923321,1062.731,696.97003,0.93083525,981.87384,656.0695,0.8420855,984.8714,875.58,0.9379596,879.75793,862.6923,0.90151703,0.0,0.0,0.45946243,0.0,0.0,0.34151104,0.0,0.0,0.11147995,0.0,0.0,0.07801287
1015.0804,618.68427,0.9398017,1031.1824,610.77313,0.88410056,1012.7174,602.48517,0.8314038,1046.0001,618.1892,0.69729125,0.0,0.0,0.49184862,1067.1863,673.3063,0.9821702,930.2709,647.82715,0.9556108,1114.9343,764.77203,0.96618974,886.13293,713.6231,0.88590044,1050.577,748.62634,0.9345559,976.1477,668.4677,0.83523786,989.0168,868.7196,0.9478153,881.94946,856.98303,0.91311324,1022.09735,980.50287,0.5212096,0.0,0.0,0.38840672,0.0,0.0,0.13986446,0.0,0.0,0.09740488
1018.20355,617.419,0.97453666,1033.0917,606.6285,0.9303726,1009.60443,600.83496,0.94510007,1044.5298,607.47675,0.65248233,980.94403,591.35925,0.7426414,1061.4604,665.0644,0.9821223,914.96765,644.6631,0.9773861,1106.228,774.3106,0.9464025,880.08514,716.82697,0.9249473,1030.3706,785.597,0.90625685,959.00745,668.19305,0.87925804,990.0515,867.29596,0.9326504,877.1594,858.9339,0.9194305,0.0,0.0,0.47394052,0.0,0.0,0.42491,0.0,0.0,0.13100044,0.0,0.0,0.11070519
1000.17413,611.24255,0.96365136,1014.2311,601.47253,0.9085037,994.3781,595.0477,0.91255766,1024.201,604.94586,0.6481128,972.1932,587.3156,0.6607246,1047.1516,662.8948,0.98209023,904.3649,643.72217,0.9711953,1099.8672,772.6663,0.95509946,868.0956,715.72034,0.91595757,1039.5763,793.0981,0.9164356,940.268,659.60925,0.867917,981.95404,870.2661,0.9398357,871.58405,862.8835,0.91998154,0.0,0.0,0.4969743,0.0,0.0,0.42153165,0.0,0.0,0.13530704,0.0,0.0,0.10812272
990.7424,603.6471,0.9635492,1003.1065,592.49304,0.8901223,982.4674,587.1836,0.9304397,1010.16797,592.71924,0.5466001,954.66925,578.9982,0.73851395,1031.7971,648.61884,0.97255504,889.6174,638.2892,0.98108,1077.7878,763.4174,0.9294389,861.3679,722.42114,0.9520593,1038.3091,775.5824,0.8897352,939.52814,652.91986,0.9132077,982.8705,852.19836,0.94005245,870.18555,850.2289,0.94368994,1034.9302,962.3961,0.535396,806.01184,972.0775,0.5564668,0.0,0.0,0.16876514,0.0,0.0,0.16969037
983.4655,595.1644,0.96319294,993.75916,584.16766,0.86109585,974.63104,578.45197,0.93849593,0.0,0.0,0.44421765,942.64844,571.09814,0.7915548,1015.1087,643.10956,0.97090346,876.0379,630.2906,0.9863153,1055.8348,753.23517,0.9220759,852.4327,716.8566,0.9684616,1020.62024,737.31537,0.88107705,934.36945,642.47565,0.9366605,970.27386,837.5276,0.9559229,859.1865,834.246,0.96598476,1022.38007,951.57025,0.640975,789.2071,958.25024,0.7032026,0.0,0.0,0.24228208,0.0,0.0,0.26670557
967.67633,593.6792,0.9556163,978.5191,582.4803,0.8287749,959.1962,576.70624,0.9305618,0.0,0.0,0.39160725,929.0473,564.2447,0.7832622,1001.0589,629.40204,0.9598056,856.15894,618.16187,0.98397255,1032.8549,729.8474,0.9056256,842.18115,704.2122,0.96867496,1017.85187,711.0637,0.85784614,937.2138,627.19556,0.93396485,957.89813,835.43854,0.93787307,840.8171,833.478,0.9554569,1025.1548,956.48846,0.5142187,767.959,956.5643,0.60207105,0.0,0.0,0.15077467,0.0,0.0,0.17494278
956.1543,569.7994,0.9681075,967.4874,558.68396,0.8713759,947.2004,553.02527,0.9372187,0.0,0.0,0.4531787,915.0033,545.29816,0.77169216,990.741,618.85864,0.9797079,849.6817,603.2999,0.9833208,1024.0105,716.49536,0.94889975,845.2077,689.7754,0.9621494,994.64764,682.17804,0.9071219,922.39435,615.2575,0.92936474,952.8337,817.99164,0.96499443,837.48944,813.19556,0.9674256,1012.2642,954.2763,0.69705373,766.0832,949.5692,0.7129432,0.0,0.0,0.25389197,0.0,0.0,0.25327265
943.73785,558.0839,0.95368713,954.6343,544.9221,0.8375214,934.7685,543.0673,0.9203504,0.0,0.0,0.44940248,905.2295,536.30115,0.7648015,973.00653,593.0292,0.9696354,847.0571,592.8303,0.9840868,1005.72076,682.34985,0.92585075,838.9622,669.9573,0.9657764,1002.65753,681.3098,0.89093196,902.6834,605.0551,0.937815,936.7478,799.1219,0.9651491,829.76337,801.2635,0.97131705,997.00183,940.74994,0.6794717,758.7108,946.7426,0.7299595,0.0,0.0,0.23306505,0.0,0.0,0.2588448
934.1384,548.0364,0.95507085,944.28424,535.27747,0.83352566,924.5246,533.47485,0.924514,0.0,0.0,0.41926768,892.11755,529.24756,0.77873987,952.71826,586.6087,0.9689784,836.79297,587.4104,0.983602,984.464,668.4483,0.92656714,830.944,659.5189,0.965461,1006.468,681.79565,0.8907775,894.8742,602.3489,0.938223,925.85815,791.2273,0.9644372,824.9354,795.9408,0.9704268,994.2336,932.17145,0.672966,760.0467,942.6228,0.72137576,0.0,0.0,0.22631773,0.0,0.0,0.24844217
925.81647,539.0686,0.8799159,930.6488,529.5783,0.5638419,916.6666,528.50287,0.8295045,0.0,0.0,0.3097682,892.6736,518.26685,0.7898076,925.7542,570.9136,0.9596061,844.85876,571.4419,0.9864498,966.0227,662.03564,0.8325689,815.5752,648.04486,0.95447785,998.0228,683.1092,0.72627735,894.768,581.3231,0.88468874,881.64734,786.45764,0.8997676,856.9473,791.1035,0.932459,0.0,0.0,0.45558286,971.3729,951.90674,0.5642912,0.0,0.0,0.097325765,0.0,0.0,0.12014002
913.24274,526.5234,0.9222,920.29047,515.87,0.66732776,901.7769,514.233,0.8888289,0.0,0.0,0.32586786,876.0145,506.7033,0.82451975,922.433,572.1623,0.955726,831.1518,562.47235,0.99086505,957.19666,682.62555,0.82873636,819.59143,646.5694,0.9731497,984.0853,654.8735,0.7559215,903.3609,577.0459,0.9285171,888.56195,776.3083,0.91071236,844.52515,778.2559,0.9512031,856.53827,940.47363,0.5721816,934.6342,942.75165,0.7229766,0.0,0.0,0.16819845,0.0,0.0,0.23445593
913.5875,520.4348,0.96892893,921.17487,507.61307,0.83408815,901.5701,505.46722,0.9597594,0.0,0.0,0.31313455,866.5591,501.09634,0.8650768,930.47205,567.8062,0.956183,817.7701,558.8927,0.98817855,960.0022,672.2016,0.8734394,816.4602,644.1686,0.9773591,977.2996,648.425,0.8248238,897.8917,573.849,0.95113766,916.515,769.7137,0.9422293,819.4338,772.5216,0.96757674,997.4416,936.38745,0.5598371,773.5001,950.59827,0.70230836,0.0,0.0,0.14687297,0.0,0.0,0.19466135
909.1807,513.0571,0.956443,914.08466,501.08304,0.7749115,894.94006,500.74265,0.9433251,0.0,0.0,0.32280174,860.6961,496.67725,0.873967,918.7204,560.95557,0.96157247,825.7196,557.1559,0.9898554,952.33655,668.55194,0.8280925,818.47485,645.3534,0.968648,969.82184,652.86597,0.7610503,892.2515,565.3713,0.9302444,893.6452,772.5822,0.90870404,839.7777,774.77185,0.9482311,878.7648,943.41656,0.51773316,893.1638,946.9528,0.66608363,0.0,0.0,0.13338166,0.0,0.0,0.18058488
855.82855,553.99756,0.5571833,0.0,0.0,0.20112287,0.0,0.0,0.38947907,0.0,0.0,0.15818033,0.0,0.0,0.4693288,871.85016,593.6781,0.9033099,797.0949,592.5941,0.9535941,933.15326,684.3942,0.83641845,808.6381,676.73486,0.93084896,910.4423,609.50146,0.76319456,860.3855,584.47174,0.8672488,838.17523,810.5156,0.84799343,805.6126,812.1239,0.88149613,0.0,0.0,0.35076705,0.0,0.0,0.42636228,0.0,0.0,0.0691984,0.0,0.0,0.08152159
852.60284,552.1194,0.57063895,0.0,0.0,0.23014908,0.0,0.0,0.37991196,0.0,0.0,0.19335039,0.0,0.0,0.43780845,873.3968,593.7205,0.91541535,799.1814,592.0175,0.9504216,932.3278,682.83014,0.85664546,807.95233,676.40076,0.9214604,905.3297,603.1677,0.78347015,860.2601,586.6471,0.85440975,837.9035,810.0096,0.85431695,805.891,810.9533,0.8756126,0.0,0.0,0.36016873,0.0,0.0,0.41112334,0.0,0.0,0.07004621,0.0,0.0,0.077719435
846.3377,550.50256,0.6011494,0.0,0.0,0.29255748,0.0,0.0,0.37115127,0.0,0.0,0.2753802,0.0,0.0,0.39235407,875.3517,593.96985,0.9337853,805.3284,590.905,0.9480855,930.85516,682.81934,0.88305867,806.65594,676.00916,0.9068617,906.0541,601.8078,0.80988425,859.56335,588.4073,0.8326555,834.76636,811.4266,0.8641623,807.2219,811.40094,0.86766934,0.0,0.0,0.37541258,0.0,0.0,0.39220327,0.0,0.0,0.07180237,0.0,0.0,0.07333043
843.1903,547.00964,0.5713854,0.0,0.0,0.31280634,0.0,0.0,0.31495497,0.0,0.0,0.30900303,0.0,0.0,0.28040755,882.9481,592.4836,0.93179756,800.2612,586.9662,0.91810364,934.4739,676.4205,0.9086129,801.97766,669.12854,0.87698454,905.9108,601.8518,0.85259795,860.07166,592.0289,0.81238645,844.9083,808.4799,0.8788836,797.14734,807.7319,0.8560688,0.0,0.0,0.34152585,0.0,0.0,0.30828005,0.0,0.0,0.055158716,0.0,0.0,0.048960187
843.95105,546.3084,0.5529592,0.0,0.0,0.24951854,0.0,0.0,0.3289579,0.0,0.0,0.25126565,0.0,0.0,0.36974886,874.7745,591.3427,0.9219009,806.9513,589.7107,0.9449491,934.2829,680.4726,0.87380296,813.06726,674.3141,0.91256654,914.0149,604.2111,0.80029315,861.06244,583.4378,0.8391928,832.95306,813.7447,0.8577846,804.3082,814.4389,0.86843634,0.0,0.0,0.3482663,0.0,0.0,0.37986702,0.0,0.0,0.064638466,0.0,0.0,0.06865901
849.56067,548.77814,0.57865185,0.0,0.0,0.25178108,0.0,0.0,0.37703967,0.0,0.0,0.22226495,0.0,0.0,0.40887886,877.40173,589.9096,0.9120823,803.6913,588.8015,0.9493017,935.9674,681.1747,0.86003035,812.7263,676.1946,0.9248436,916.0141,605.08545,0.78989744,861.93774,583.2688,0.8580742,837.7877,806.26526,0.85667473,801.8002,807.5863,0.87894887,0.0,0.0,0.3510539,0.0,0.0,0.4061271,0.0,0.0,0.0669625,0.0,0.0,0.075200476
848.3321,549.65686,0.6731382,0.0,0.0,0.42891362,0.0,0.0,0.4385899,0.0,0.0,0.34887868,0.0,0.0,0.33910343,888.2101,589.1794,0.94830626,799.51086,584.4276,0.93536586,933.79193,672.33673,0.93366766,816.8176,665.7331,0.9132366,912.4331,602.84216,0.9114968,863.38605,593.9843,0.89082825,860.0145,797.9716,0.9641604,790.9191,796.09735,0.9579114,899.1665,958.6655,0.6604209,790.5963,956.2372,0.6367439,0.0,0.0,0.18357025,0.0,0.0,0.17060395
852.8271,551.5941,0.73648,0.0,0.0,0.48626027,847.65533,539.5392,0.53502345,0.0,0.0,0.3354601,0.0,0.0,0.38951114,892.626,596.4284,0.94532865,794.2239,587.887,0.9427113,932.84,689.21423,0.9306701,814.06116,666.1201,0.93028617,949.75525,663.59973,0.906161,863.823,590.1243,0.90810853,868.56744,795.3822,0.96577126,785.3945,792.011,0.96352285,926.1191,959.4875,0.65746963,744.36285,953.20166,0.65689856,0.0,0.0,0.1834883,0.0,0.0,0.1795663
867.9472,567.6734,0.9479103,876.7736,554.56915,0.827824,856.2406,552.30066,0.9151031,0.0,0.0,0.42848715,822.224,542.0283,0.758719,889.1281,601.20087,0.9680591,787.2744,589.95166,0.97782314,928.6947,704.4311,0.9135145,808.2594,670.1404,0.9508593,979.5107,716.18176,0.87598497,867.71173,601.2621,0.9253689,873.13336,800.95056,0.9546313,787.8291,799.13,0.960346,931.72284,957.6907,0.60205716,751.1908,953.3544,0.6483623,0.0,0.0,0.17583914,0.0,0.0,0.19019942
876.54694,571.05383,0.9654125,885.73724,557.6909,0.87788004,864.2844,555.4495,0.9439858,0.0,0.0,0.47850668,827.0784,547.50134,0.81396437,892.8911,611.51355,0.97769576,787.6172,602.4881,0.98366654,929.5922,712.2875,0.92627037,798.8048,686.8621,0.9546752,979.60364,723.7293,0.8896972,867.3465,626.97125,0.9305993,877.61945,806.37146,0.9662846,790.93365,806.6584,0.9694616,938.8387,954.1846,0.70335174,757.839,953.2531,0.7356896,0.0,0.0,0.26442,0.0,0.0,0.2788025
878.1394,567.86975,0.9640765,887.0092,554.3701,0.86770624,866.31976,552.4686,0.9441355,0.0,0.0,0.45889765,830.15497,544.8913,0.8237528,893.8339,607.6355,0.9744184,790.8369,603.69147,0.9852024,924.4937,707.8577,0.9145352,796.13806,693.28424,0.9593154,975.7354,714.8097,0.8779267,855.855,625.76276,0.9361362,891.1884,805.7175,0.96313506,806.23315,808.5292,0.9701496,947.7827,954.6058,0.69267166,766.8506,955.17993,0.74566513,0.0,0.0,0.2577945,0.0,0.0,0.2869098
887.2883,559.61176,0.951962,893.49396,547.79285,0.75607646,877.2272,545.8121,0.93865913,0.0,0.0,0.2487896,839.4086,544.1122,0.84022766,901.9939,601.30396,0.93252325,784.9331,611.759,0.986592,938.14655,680.834,0.83912325,783.5453,695.4478,0.97640127,945.97675,664.3795,0.80443555,843.81134,613.4249,0.9517273,912.3454,807.1002,0.90547556,814.7188,817.26807,0.9514996,0.0,0.0,0.48648992,754.22144,967.17194,0.65315425,0.0,0.0,0.14069107,0.0,0.0,0.19657755
882.8985,557.8281,0.96864945,890.2808,545.27234,0.8734485,871.7014,544.4691,0.9468011,0.0,0.0,0.43353027,837.467,545.11926,0.8015432,919.6926,596.2171,0.9673025,787.03015,616.5638,0.98475987,979.7219,657.40594,0.91199875,776.87683,703.68225,0.9627301,940.72266,611.7917,0.8739147,838.4131,621.1261,0.9338246,920.3667,807.258,0.93392336,814.52716,818.55164,0.9496359,965.77844,948.92584,0.5749595,760.60065,972.2366,0.6415427,0.0,0.0,0.18072903,0.0,0.0,0.20129727
859.34314,560.1149,0.9188392,869.5618,548.83563,0.854289,856.2995,547.704,0.74141,884.67596,555.3552,0.7161555,0.0,0.0,0.3837906,935.77704,600.67114,0.9871924,804.21936,620.8744,0.9510168,1018.7965,640.5834,0.979483,772.9895,699.3869,0.88735753,980.5752,600.69653,0.95413595,847.0075,633.8657,0.84470415,910.2387,805.6863,0.9768485,807.9192,813.4594,0.95336944,970.372,944.33795,0.7340377,754.2888,961.4156,0.5820093,0.0,0.0,0.23234305,0.0,0.0,0.1555804
896.2042,576.96027,0.9749211,904.18713,563.51434,0.91832936,884.8796,564.573,0.9518681,911.331,559.29315,0.5936052,855.74493,561.15186,0.80057436,934.86,591.6999,0.98506665,813.44,628.0356,0.9858251,1008.9786,601.7814,0.95390606,792.97546,708.83905,0.9538915,1020.2747,584.077,0.9174978,851.1783,670.5814,0.9212548,928.8649,796.10876,0.97553396,833.57874,812.42194,0.97402936,972.254,931.8556,0.7458613,773.8971,951.48926,0.73523515,0.0,0.0,0.30079392,0.0,0.0,0.28193808
913.4575,581.4907,0.9748034,922.3482,567.8291,0.9119663,901.4431,568.2711,0.95707554,929.59906,563.7616,0.55243117,869.78564,564.27423,0.8284015,944.42816,596.56305,0.98095626,827.62445,633.9525,0.9866392,1006.12616,598.8747,0.93960434,807.73596,714.7121,0.95798475,1026.7969,588.5518,0.8998233,871.1521,685.59283,0.9266134,938.65564,805.1003,0.96876323,845.5205,822.3278,0.9709671,985.52637,940.2495,0.6886242,790.0175,957.7586,0.70585793,0.0,0.0,0.2551038,0.0,0.0,0.25528607
939.3987,576.0582,0.9775178,949.22095,562.90656,0.91549915,927.379,562.5435,0.96633065,955.57184,565.2197,0.5148292,891.62036,563.44135,0.8555549,971.69275,605.82825,0.97542566,844.9874,641.52216,0.9862453,1045.2476,621.1013,0.9145886,823.9382,725.93634,0.9554703,997.76514,594.2783,0.8798295,888.2046,678.8277,0.9294038,954.2855,821.2828,0.9473976,853.66095,837.86414,0.95602906,1009.3914,952.53534,0.545569,815.7076,980.4364,0.59766906,0.0,0.0,0.1581335,0.0,0.0,0.16956903
960.417,576.7764,0.95799243,966.51733,564.11664,0.8167553,948.9712,562.6515,0.9381911,0.0,0.0,0.32555753,910.6262,562.3255,0.8118252,991.41766,613.1411,0.9577597,848.381,633.1863,0.98266774,1050.3657,673.16296,0.8926492,828.6773,730.7752,0.96190864,994.524,628.26807,0.85416234,904.52655,660.50635,0.9356656,979.51654,824.79913,0.9204291,867.8866,836.5238,0.94297165,0.0,0.0,0.49722245,833.88666,976.8273,0.5853621,0.0,0.0,0.14369152,0.0,0.0,0.16519946
978.45636,585.0749,0.95968723,986.98486,574.0087,0.7967848,968.6893,569.0548,0.9502549,0.0,0.0,0.2764628,931.63806,562.69104,0.8565574,992.53894,630.1025,0.9414305,867.4734,625.0076,0.9868825,1019.3626,719.7775,0.8451288,856.2578,719.6668,0.97424877,1000.5202,654.6853,0.80739534,935.1242,637.84985,0.9489541,980.29175,831.7594,0.9007871,877.41797,835.5826,0.945961,0.0,0.0,0.4636293,838.41235,962.5463,0.62336665,0.0,0.0,0.13951623,0.0,0.0,0.19000234
1003.6399,597.5695,0.9502193,1009.1025,585.448,0.71901864,993.8416,582.764,0.94608593,0.0,0.0,0.21716352,952.94794,575.64984,0.88188607,989.4103,638.08765,0.9479734,904.5372,627.29736,0.9886091,1002.902,718.89966,0.84883875,911.1511,696.095,0.97969383,1012.5398,703.9412,0.8121073,993.05035,641.3412,0.9592564,968.31976,841.28687,0.9503504,887.8413,842.12134,0.97552466,1040.8365,958.746,0.60822767,852.59955,965.2387,0.76406664,0.0,0.0,0.22663279,0.0,0.0,0.30517924
1007.9108,610.9651,0.54339015,0.0,0.0,0.13400598,1007.44116,598.1785,0.5377339,0.0,0.0,0.08415703,983.77686,590.7803,0.6864735,955.8337,653.77124,0.81796265,949.802,614.1191,0.95486885,986.18176,718.5163,0.7553678,1025.8641,626.85736,0.9710244,1018.90466,731.0416,0.7526544,1138.2533,625.22314,0.9508656,927.3205,849.5383,0.91890836,897.6717,838.3438,0.96184105,0.0,0.0,0.4440742,919.8794,964.2352,0.6522358,0.0,0.0,0.1258987,0.0,0.0,0.1872039
1013.7841,627.144,0.617,0.0,0.0,0.16121286,1012.0262,613.8039,0.6479033,0.0,0.0,0.077780105,983.6532,603.7553,0.74371284,966.96906,657.1983,0.8019978,944.83795,625.9006,0.96093905,1011.7888,694.93616,0.7156296,1018.7631,628.5544,0.97539085,1077.0626,702.533,0.7363669,1153.3021,618.7062,0.95739895,935.1847,848.9403,0.91382927,896.5082,840.23425,0.96336967,0.0,0.0,0.45352396,914.57556,946.3092,0.6850793,0.0,0.0,0.14207622,0.0,0.0,0.22174852
1030.9336,627.1755,0.7477832,0.0,0.0,0.26390707,1028.0157,612.6038,0.7762055,0.0,0.0,0.1125611,993.78314,605.22144,0.82620335,961.1692,674.3515,0.85505277,964.03754,634.7574,0.96764195,980.8969,737.0697,0.72088534,1048.4294,645.4691,0.97001183,1025.2007,749.04535,0.71716017,1164.2059,628.37256,0.9477263,929.20996,859.83875,0.881505,905.0136,847.6538,0.94440114,0.0,0.0,0.3661157,925.1921,948.7251,0.5790507,0.0,0.0,0.104267135,0.0,0.0,0.1578129
1049.731,625.03455,0.8137538,0.0,0.0,0.3151949,1044.4961,612.3374,0.84424466,0.0,0.0,0.10223641,1005.5865,608.693,0.8777164,978.50244,660.1073,0.8861718,981.0581,654.63153,0.97743225,1047.7192,699.5077,0.749107,1088.4387,683.5131,0.9742552,1087.9701,678.87823,0.7487509,1159.4539,616.9689,0.9542468,941.4319,857.9244,0.92133176,918.067,858.0231,0.96349704,0.0,0.0,0.4940295,922.37787,966.16644,0.6994626,0.0,0.0,0.160703,0.0,0.0,0.23673598
1056.0846,621.49994,0.90714526,1057.833,609.65106,0.5021971,1049.6774,607.16693,0.9131228,0.0,0.0,0.13061717,1003.96295,602.68835,0.88339585,1001.0986,668.79663,0.9325787,962.67004,653.6401,0.98690677,1001.0664,767.6768,0.8261521,1009.76514,714.27155,0.9813472,1013.93225,801.50775,0.77253926,1073.3687,656.2947,0.9586358,968.3989,849.7271,0.9507968,913.0897,847.00385,0.9770647,1056.7954,960.6964,0.6188636,869.3357,965.1063,0.78372425,0.0,0.0,0.24295837,0.0,0.0,0.33223835
1058.1683,616.4588,0.8133484,0.0,0.0,0.338061,1052.0306,601.0387,0.8233158,0.0,0.0,0.100704454,1011.3003,594.8778,0.8173297,1023.1113,665.8923,0.8742698,952.004,642.0886,0.98268867,1007.6424,782.80817,0.74587387,958.8234,707.98145,0.980994,1021.63367,818.63654,0.7173131,1032.048,639.66705,0.9602888,982.8033,851.94604,0.9188649,912.1991,844.76385,0.9668336,1048.352,958.67,0.5145744,873.06854,949.02673,0.73639864,0.0,0.0,0.17697464,0.0,0.0,0.27990732
1056.4624,609.18146,0.9647625,1064.978,599.0444,0.81206024,1047.3567,594.93695,0.9566758,0.0,0.0,0.31311136,1009.3228,592.89606,0.8850133,1047.408,663.07275,0.96017045,941.8188,644.23627,0.9910671,1047.6748,744.4878,0.8765883,899.7245,686.03503,0.97965175,1067.4218,784.5562,0.82714283,964.51465,639.5312,0.9530646,993.32043,838.80176,0.9510802,906.6286,834.48804,0.9736562,1029.7555,954.7195,0.64377445,838.76373,953.6093,0.7679896,0.0,0.0,0.26705226,0.0,0.0,0.33685347
1044.3673,607.6148,0.96828085,1058.1398,599.7248,0.89040816,1038.5681,592.48755,0.946976,1061.9326,612.3197,0.5296371,1012.6822,591.31696,0.82260305,1061.2397,674.8171,0.97165066,937.91516,643.97406,0.98739064,1096.6567,748.6143,0.9165952,883.54395,665.74756,0.9656821,1141.218,791.873,0.8746944,960.95276,621.72314,0.9302245,988.83655,845.6582,0.94567937,892.92706,836.6111,0.95664567,1023.70337,961.6291,0.6003689,828.3208,958.7717,0.66359377,0.0,0.0,0.20865172,0.0,0.0,0.23345532
1000.4334,596.38916,0.95057523,1020.2371,593.0649,0.9337542,1003.1791,584.01324,0.78419715,1050.3507,618.37396,0.84640926,0.0,0.0,0.33886132,1066.127,680.91504,0.9912934,942.75446,650.7467,0.9420118,1131.0702,726.76996,0.9852497,881.9227,660.9355,0.8254674,1192.4606,774.3412,0.96482575,964.9051,622.5718,0.7755106,980.51044,859.7868,0.96855974,885.8952,848.1138,0.91345966,1014.68396,978.4662,0.63796914,0.0,0.0,0.38934755,0.0,0.0,0.1760722,0.0,0.0,0.09577088
1041.7445,622.02484,0.9460683,1055.1643,614.4294,0.8643645,1039.1415,607.2277,0.8788843,1061.9336,624.1524,0.5853815,1020.94214,604.27155,0.6419954,1078.1735,676.49927,0.9775318,945.3144,655.34894,0.9725602,1156.3114,729.65643,0.9522401,899.3139,690.79663,0.9318389,1175.6797,725.68024,0.9174055,969.3976,648.5263,0.88513625,986.28467,856.15247,0.95010227,884.42413,846.55817,0.93577886,1022.82684,971.89166,0.5741171,823.17065,969.70337,0.5249848,0.0,0.0,0.16836105,0.0,0.0,0.14549327
1056.5028,621.53766,0.93031555,1066.2577,614.0179,0.7833444,1053.6578,608.09705,0.8738951,0.0,0.0,0.41761377,1030.0323,608.5732,0.6836899,1079.046,672.7064,0.96260643,955.4965,663.184,0.9741691,1153.9247,721.22766,0.9277373,919.1149,709.4105,0.94937843,1137.8237,701.5169,0.8895126,962.4031,661.5809,0.9089407,993.20105,863.0036,0.93459916,893.4,856.6207,0.9361263,0.0,0.0,0.4933506,826.7698,975.69696,0.51035404,0.0,0.0,0.13314724,0.0,0.0,0.13211524
1040.3496,625.4706,0.9431112,1056.7567,618.8235,0.85729414,1037.9667,609.89813,0.8790803,1068.093,630.15857,0.5849711,1019.55414,607.38434,0.6239824,1084.466,682.0934,0.9689228,951.1463,663.84314,0.97174263,1140.3359,748.09406,0.93571234,932.6602,722.2323,0.9371008,1100.2875,708.77856,0.89990324,1000.6628,675.0513,0.8901192,1004.3923,876.68225,0.92502606,895.7492,865.99603,0.91784495,0.0,0.0,0.44272542,0.0,0.0,0.42709723,0.0,0.0,0.10956067,0.0,0.0,0.10190406
1032.0762,633.4616,0.9536755,1045.5763,623.0984,0.8763997,1025.5989,618.43195,0.90911186,1055.6726,624.46985,0.57993644,1000.6035,610.68286,0.70292556,1069.3585,674.3087,0.97847235,951.1461,660.4386,0.9791157,1127.2288,761.3518,0.9420458,935.62964,731.5279,0.94706315,1099.1113,744.572,0.91167885,986.32935,691.0349,0.91609025,1002.91205,852.2395,0.96567744,905.6994,844.491,0.9631878,1033.3633,960.26575,0.6900425,831.61615,964.19446,0.69138217,0.0,0.0,0.2633434,0.0,0.0,0.2589378
1019.6258,631.55023,0.95979923,1032.8921,620.9829,0.89451885,1012.0324,616.33203,0.9060956,1044.3313,620.8092,0.6213282,987.1353,607.93524,0.6521578,1070.2454,672.557,0.98228735,926.97125,659.3319,0.97499204,1125.9807,772.3997,0.9572607,910.71844,734.2407,0.93255806,1075.3845,780.0455,0.92218864,979.0551,690.9886,0.88769335,1007.28516,865.4445,0.9587157,896.0517,858.1049,0.9478,1039.8516,973.4839,0.6261343,820.65875,971.8226,0.5682634,0.0,0.0,0.21884786,0.0,0.0,0.18487763
998.4731,624.99274,0.89210105,1008.67554,614.3666,0.7635476,995.35767,611.1585,0.7461195,1018.60223,614.5135,0.5362117,0.0,0.0,0.46916875,1058.0085,664.0785,0.9702949,919.449,657.9466,0.9634322,1114.0775,769.2166,0.95240974,893.408,736.6604,0.9328613,1084.5444,784.39856,0.9222634,971.63855,681.3521,0.8924472,1002.1183,857.8464,0.9582117,894.05457,855.23425,0.9482026,1046.939,958.2096,0.65527606,830.0622,963.27545,0.613899,0.0,0.0,0.24000701,0.0,0.0,0.2145808
990.76025,628.217,0.9653336,1002.6554,616.59106,0.89597404,981.3507,613.2948,0.9263597,1013.9623,613.9071,0.5791474,955.59106,604.37897,0.7129246,1043.242,665.05927,0.9795918,901.10016,658.5304,0.97936934,1100.3478,767.1799,0.9450576,884.1499,740.879,0.9453658,1067.9718,777.6327,0.9049012,952.43304,681.6777,0.9052895,998.4707,870.3835,0.949731,888.2893,867.7383,0.9470878,1036.4539,970.38116,0.58106464,821.84766,973.4455,0.5696393,0.0,0.0,0.19833063,0.0,0.0,0.18548796
976.7388,615.7684,0.9525355,985.5302,603.79584,0.8377751,967.49805,601.647,0.9064771,0.0,0.0,0.46005318,941.5549,595.2149,0.7013965,1023.7024,654.82654,0.9732978,890.6171,649.745,0.9783442,1080.6528,753.7592,0.9358372,876.02747,738.05457,0.9530593,1041.1732,732.39685,0.8950851,937.15045,681.78467,0.91798395,988.1813,864.7077,0.94844013,882.6693,862.4977,0.95221627,1025.5416,971.1891,0.58068293,819.34955,975.3406,0.600236,0.0,0.0,0.19441158,0.0,0.0,0.19374219
935.1481,600.6299,0.78246355,944.8469,590.5143,0.61533815,933.54987,587.2912,0.5103817,0.0,0.0,0.4915502,0.0,0.0,0.26715684,1009.75055,643.82153,0.9597079,873.7903,639.8548,0.93195283,1054.9384,747.5054,0.95745414,860.3214,727.2918,0.9113359,1003.1734,718.0228,0.9278518,930.08356,655.8876,0.868405,972.19104,845.82666,0.9540355,862.80914,843.0445,0.9362175,1032.6354,963.4422,0.58576345,796.7305,963.9174,0.50825787,0.0,0.0,0.16313958,0.0,0.0,0.13354045
937.79846,589.83746,0.69871837,0.0,0.0,0.4067173,0.0,0.0,0.46748173,0.0,0.0,0.27973792,0.0,0.0,0.33595967,989.9453,622.50586,0.9398375,859.89044,629.92126,0.94505835,1028.1821,719.44775,0.9414657,846.5036,718.56226,0.9441406,992.8429,710.7775,0.9055142,910.9713,637.6941,0.90511155,956.72046,823.7857,0.9613321,852.5239,826.32074,0.9598971,1019.86945,948.057,0.66178447,786.9119,948.20966,0.65595776,0.0,0.0,0.2209817,0.0,0.0,0.21183379
922.79065,587.9655,0.91800815,930.29156,576.6438,0.7880215,915.8471,574.90704,0.80588084,936.36475,572.7691,0.5018202,895.8944,568.79553,0.5313505,974.23883,615.6515,0.97705156,839.4537,622.9534,0.968439,1015.36,701.83514,0.9622989,835.24713,709.5097,0.9400791,969.30414,688.6461,0.93111944,892.45593,647.70197,0.9026764,946.30316,810.99133,0.972445,839.6313,813.7306,0.9654286,1006.7188,942.25085,0.76043224,778.95966,945.6221,0.7172921,0.0,0.0,0.32545912,0.0,0.0,0.2861248
899.6646,571.86273,0.6817746,0.0,0.0,0.4570153,0.0,0.0,0.37629798,0.0,0.0,0.39512104,0.0,0.0,0.24290521,952.8547,605.33057,0.9638905,838.76135,614.20825,0.92424375,998.53107,679.66345,0.9694706,811.4671,690.7412,0.9142776,994.72363,690.3185,0.93914086,880.53296,633.88513,0.87201834,935.99036,809.87787,0.97649187,842.1334,815.3559,0.9629418,1010.24744,939.2306,0.7267795,781.16254,944.946,0.6301512,0.0,0.0,0.23436713,0.0,0.0,0.18031779
895.53864,567.24615,0.8310573,899.0393,555.1561,0.59100455,890.79407,555.7611,0.6619781,0.0,0.0,0.36953855,0.0,0.0,0.46983805,926.2302,592.04193,0.95987236,829.6711,607.6192,0.95418787,969.5966,666.7315,0.9476697,804.351,685.95245,0.9361771,999.2401,691.26654,0.9101426,874.27826,622.28723,0.8991023,923.64246,807.7288,0.961152,841.04517,819.0696,0.9553455,994.14703,936.6969,0.6413288,794.781,953.66736,0.60906035,0.0,0.0,0.1936919,0.0,0.0,0.17272618
882.5904,555.03656,0.59783435,0.0,0.0,0.31515023,0.0,0.0,0.3333367,0.0,0.0,0.42685986,0.0,0.0,0.39601633,891.4591,589.71094,0.97573304,855.0561,599.3698,0.96743894,939.32776,672.0936,0.9430166,811.3019,677.45764,0.91549426,987.7623,687.4089,0.8725621,860.2242,617.341,0.8310519,877.5324,788.12445,0.96977746,883.1011,795.0626,0.9621465,806.84985,928.81573,0.7465445,977.52966,937.7987,0.7030703,0.0,0.0,0.24300377,0.0,0.0,0.2108841
853.214,541.6862,0.54915565,0.0,0.0,0.28782466,0.0,0.0,0.25333044,0.0,0.0,0.36559862,0.0,0.0,0.2861994,894.03204,584.5261,0.9598409,830.6902,598.4874,0.9527792,955.9197,663.2082,0.9331876,806.2211,678.92523,0.90710425,944.753,643.9067,0.8770574,855.1647,601.3147,0.8392413,876.5166,791.66626,0.94347763,858.59546,798.9022,0.93262166,823.6551,931.76733,0.68759465,954.7681,938.5025,0.6556004,0.0,0.0,0.22356267,0.0,0.0,0.20724861
849.8588,548.5489,0.7323795,0.0,0.0,0.47627497,0.0,0.0,0.46408063,0.0,0.0,0.3617283,0.0,0.0,0.31560123,907.2532,584.2022,0.9453347,807.932,599.8294,0.9436379,964.9966,663.72687,0.9367758,796.62494,679.721,0.92840594,931.24097,629.1782,0.9066197,847.6337,592.55634,0.8942972,903.2589,791.5674,0.9429455,828.81525,799.83215,0.9381077,933.7119,928.2415,0.64930946,817.10565,944.4544,0.6362966,0.0,0.0,0.20797475,0.0,0.0,0.19957566
858.152,549.5948,0.8540252,861.1495,540.7035,0.63306034,849.67456,540.71704,0.70003945,0.0,0.0,0.44361335,834.2866,540.54224,0.57649636,890.5001,588.5581,0.971657,806.3672,597.1534,0.97324216,952.85254,661.4103,0.9168542,792.28,672.8814,0.916192,914.45636,631.10706,0.8569474,843.8322,604.5623,0.8565271,876.26624,785.1693,0.92809266,841.2263,789.787,0.9229015,819.29816,931.93066,0.6011069,927.731,938.5543,0.58904266,0.0,0.0,0.1667028,0.0,0.0,0.15997799
848.2841,547.4859,0.86561066,852.6004,538.2413,0.6656076,839.45605,538.38354,0.71614563,0.0,0.0,0.48579168,826.8547,536.1511,0.5794687,885.2133,583.2202,0.9733831,802.4385,592.38214,0.9759626,939.76013,659.9839,0.9179049,787.91516,673.975,0.922209,913.6743,632.0717,0.8580911,834.6326,605.2359,0.8634421,869.3218,774.28894,0.9350051,835.7373,779.01636,0.9322337,815.47327,927.6239,0.6414657,924.83624,933.1892,0.6390378,0.0,0.0,0.19409932,0.0,0.0,0.19121951
844.98944,546.167,0.9163195,851.1371,535.3028,0.78323424,835.061,535.70325,0.81236964,860.1121,533.5763,0.529661,816.42084,534.648,0.59943455,892.7738,577.7216,0.97913367,786.3538,589.514,0.97396845,934.8488,654.46216,0.9479357,780.7674,678.36523,0.93255454,905.07275,622.968,0.9147216,825.3203,605.8914,0.90355086,888.3227,769.3772,0.9706049,814.6423,775.09906,0.9668306,897.5037,923.7484,0.7930094,819.5713,931.74506,0.7754326,0.0,0.0,0.34077877,0.0,0.0,0.3195212
840.7033,543.1471,0.96182346,850.4824,531.3243,0.89619523,829.72266,530.9727,0.9136563,862.388,531.7543,0.62077427,807.9769,531.4575,0.68204516,892.7335,580.8684,0.97762793,777.9644,593.15784,0.97823,933.1365,653.0328,0.9416536,778.87396,672.2873,0.9410204,902.8955,621.92267,0.9086091,825.7826,601.55066,0.90844053,892.9706,766.7091,0.95307004,802.6362,773.07404,0.95066965,935.8325,924.86554,0.6836735,767.47107,935.7552,0.67608106,0.0,0.0,0.23290375,0.0,0.0,0.2255888
836.1279,539.6131,0.956964,845.9786,528.00464,0.8917829,825.81555,527.72595,0.8930468,858.4506,527.846,0.64132285,805.7809,527.588,0.6309454,888.4285,576.1324,0.9807123,776.0568,587.76526,0.975418,928.7582,648.85815,0.95380324,777.3496,664.82465,0.93371964,902.2317,622.05176,0.92419416,823.025,597.52716,0.901849,888.7114,761.0806,0.96270776,800.7082,767.7228,0.9552387,931.08954,919.4484,0.7446229,768.7868,931.5114,0.710942,0.0,0.0,0.28793302,0.0,0.0,0.26241022
844.80475,534.8381,0.9547322,852.6446,523.5779,0.8661553,834.7691,523.11816,0.89382726,861.0756,524.5013,0.57555383,809.9902,522.2261,0.68639165,885.08466,572.3027,0.9867012,773.80554,580.6868,0.98147166,926.6961,645.3023,0.96456426,773.7609,660.9475,0.9478337,903.69495,619.6983,0.93609107,825.37555,594.577,0.92163974,884.2544,753.0509,0.98453957,798.5105,760.01697,0.98151577,925.57916,903.8137,0.8843137,775.04004,919.8287,0.8671874,943.93567,983.4036,0.5134567,0.0,0.0,0.47820243
848.25574,533.9158,0.93518525,855.0929,522.7065,0.80589783,839.1638,521.83325,0.8553341,0.0,0.0,0.4980233,815.43427,518.70135,0.6488747,888.28766,568.7577,0.9827031,775.0748,574.18005,0.9788938,929.01636,645.47266,0.9597428,772.7988,656.2812,0.9501176,904.2354,615.1094,0.93062013,827.606,591.1106,0.92495453,886.6429,754.4434,0.9834779,799.7348,760.1895,0.9815066,929.1292,907.96857,0.87380844,777.45087,921.90094,0.8635716,0.0,0.0,0.48526338,0.0,0.0,0.4609747
908.12787,571.0329,0.6901607,0.0,0.0,0.31487888,899.82605,557.62445,0.6777659,0.0,0.0,0.100750566,876.09015,552.6186,0.6467496,916.9432,613.6874,0.9116365,836.4493,604.9986,0.97264105,942.92377,696.45337,0.81290406,826.9256,691.87616,0.9709873,924.5999,611.24634,0.78786564,892.5961,616.87854,0.93969,884.32745,814.75055,0.9397616,827.348,812.61444,0.96890163,900.2122,966.12195,0.5390935,833.2169,965.1501,0.70782655,0.0,0.0,0.11969147,0.0,0.0,0.19552986
908.80005,571.6782,0.6881089,0.0,0.0,0.30556652,900.5777,558.2606,0.67760766,0.0,0.0,0.0988754,876.5684,553.27185,0.6597456,914.9918,614.3356,0.9127789,837.05347,605.98926,0.97325176,941.801,696.3888,0.808455,827.16705,692.9537,0.9707037,926.35913,610.6091,0.7832599,892.4015,618.0651,0.9387022,882.8619,815.39984,0.9411587,828.5266,813.4796,0.96977454,895.1931,966.25104,0.5507131,836.7345,965.48145,0.7180064,0.0,0.0,0.12609103,0.0,0.0,0.20534512
910.85394,571.8022,0.66640824,0.0,0.0,0.26590484,902.47015,558.4189,0.6504077,0.0,0.0,0.10026963,878.7538,553.988,0.6912106,909.2273,613.8803,0.9158176,842.7625,606.6592,0.9746678,937.63495,694.17773,0.79180396,832.3215,690.1838,0.9691222,928.19495,610.72986,0.76487935,892.75916,614.618,0.9341787,875.6631,815.7109,0.9423227,833.46423,814.2098,0.97075135,874.51855,966.0628,0.55996114,858.3842,965.5805,0.7281663,0.0,0.0,0.12958112,0.0,0.0,0.21246834
910.9701,571.56793,0.66793203,0.0,0.0,0.26990393,902.72046,558.1798,0.6540697,0.0,0.0,0.09757295,878.788,553.6553,0.68410414,910.0554,613.7231,0.9150217,841.6632,606.4172,0.9743861,937.9331,693.86115,0.79928863,831.47797,690.3163,0.970089,927.98126,610.59686,0.7743875,893.796,614.7614,0.93684727,877.8289,814.4632,0.9428447,833.1821,813.0973,0.9709711,880.23724,963.0819,0.5654841,854.05963,962.80725,0.7319178,0.0,0.0,0.13287216,0.0,0.0,0.21681413
910.2171,571.6383,0.6735052,0.0,0.0,0.28534943,902.071,558.249,0.6677578,0.0,0.0,0.08973842,877.6883,553.22003,0.6577703,914.6157,613.5973,0.90887547,837.9099,605.07184,0.97305876,940.86237,694.60657,0.80931497,828.8269,689.93365,0.97260034,926.5239,610.9471,0.7881005,895.42053,614.3472,0.9429705,883.55475,812.91693,0.9433002,829.3718,811.0869,0.97154444,897.7552,962.18945,0.5692363,835.35394,961.5511,0.73752636,0.0,0.0,0.13588145,0.0,0.0,0.22263479
910.43396,571.7906,0.6650782,0.0,0.0,0.27655688,902.53204,558.51196,0.6592997,0.0,0.0,0.089097366,878.65137,554.02606,0.658192,913.5518,615.11743,0.908393,838.8862,606.4404,0.97292984,940.42676,695.282,0.808622,828.52,690.85144,0.9726106,928.33417,609.8571,0.78681177,894.7565,614.4265,0.94265634,882.1767,814.5791,0.942988,829.6573,812.6532,0.97142124,895.35004,964.2181,0.56186247,836.5302,963.5149,0.73196507,0.0,0.0,0.13173541,0.0,0.0,0.21684866
910.5068,571.2305,0.6731064,0.0,0.0,0.27612612,902.4529,557.94934,0.6754367,0.0,0.0,0.08366781,878.0054,553.355,0.67390484,913.4788,614.272,0.90782285,838.2106,605.3185,0.97469306,940.70013,695.5619,0.80384785,828.3708,690.19965,0.97515815,929.4267,611.367,0.78403205,895.8553,613.7547,0.9470622,882.69495,812.8706,0.94481236,829.3971,810.839,0.97350854,896.7951,962.838,0.5733848,834.4911,961.9937,0.75008,0.0,0.0,0.13832757,0.0,0.0,0.23282225
909.6979,571.50757,0.62927306,0.0,0.0,0.2421516,902.1645,558.3062,0.61995524,0.0,0.0,0.08514528,879.5572,554.0772,0.6507433,910.2234,614.4198,0.9051613,841.19977,606.90796,0.9723331,938.65814,694.8398,0.8035544,830.7181,692.1554,0.97253394,930.5332,609.0282,0.7821521,895.67413,614.8192,0.94210804,879.46387,813.88574,0.9444916,832.4889,812.4791,0.97251433,886.95483,962.1497,0.5770903,844.65234,961.8489,0.74605286,0.0,0.0,0.13949239,0.0,0.0,0.22998562
908.95184,571.65533,0.64547884,0.0,0.0,0.26584598,901.4306,558.3977,0.64249486,0.0,0.0,0.0818128,878.22314,553.8551,0.6286245,914.6164,615.35724,0.9008815,837.041,606.73474,0.97057825,941.8959,696.4098,0.8116692,827.4687,692.9163,0.9731271,928.9298,610.0797,0.79181755,895.91693,615.8165,0.94440377,883.902,816.0084,0.94318646,827.51184,814.1851,0.97155017,904.2352,966.5876,0.5631666,828.47626,966.00696,0.73414165,0.0,0.0,0.13309142,0.0,0.0,0.2196623
912.5735,573.7015,0.68467736,0.0,0.0,0.25820407,907.2894,560.705,0.56866646,0.0,0.0,0.10736295,883.80634,552.9956,0.51239,930.06323,608.4436,0.8698935,823.93066,601.9142,0.9519745,961.42316,712.62744,0.850628,835.8273,702.9531,0.95957196,940.1194,629.1865,0.81511426,895.0531,607.16425,0.9289989,903.0694,826.08453,0.8995946,816.53064,824.54297,0.93578583,0.0,0.0,0.4397752,784.53577,971.5435,0.5592927,0.0,0.0,0.105693094,0.0,0.0,0.13279876
913.0448,574.28906,0.7098737,0.0,0.0,0.27812827,907.1935,561.2302,0.6052787,0.0,0.0,0.10889342,882.50397,553.11755,0.5380679,929.4641,608.1316,0.86897117,823.99097,602.03503,0.954423,959.87317,713.8603,0.843456,837.096,703.6402,0.9607212,941.2127,632.09076,0.808045,895.89276,606.3097,0.93009573,903.5407,825.71655,0.89325553,817.01697,824.56165,0.93348384,0.0,0.0,0.4200666,783.9776,973.1845,0.5464544,0.0,0.0,0.09847297,0.0,0.0,0.125927
913.4599,575.2222,0.7189813,0.0,0.0,0.28235584,907.3047,561.9558,0.62094307,0.0,0.0,0.10625399,881.25183,553.32074,0.55088776,929.69666,608.7466,0.86733973,822.82935,602.3949,0.95619327,959.39087,713.792,0.83916426,838.4378,704.11304,0.9622754,940.7229,631.06775,0.8044627,895.7732,605.8387,0.93225795,904.16516,826.2679,0.89281285,816.44794,824.8949,0.9348975,0.0,0.0,0.42076683,782.2551,973.50604,0.55388486,0.0,0.0,0.09922437,0.0,0.0,0.12883778
913.27814,576.09796,0.7220089,0.0,0.0,0.28232342,906.8635,562.6987,0.6287702,0.0,0.0,0.10387759,879.77625,553.7855,0.55806893,929.80133,609.55,0.8638508,821.5891,602.9114,0.9572947,958.6406,714.1581,0.8339694,839.38715,703.74536,0.9636054,941.4073,633.1674,0.80037946,896.3938,604.7088,0.93410057,905.29126,826.09314,0.89182067,816.5026,824.6582,0.9359596,0.0,0.0,0.41919565,781.03436,973.7111,0.55913645,0.0,0.0,0.09895887,0.0,0.0,0.13060912
914.7193,575.8309,0.7284149,0.0,0.0,0.28554735,908.50366,562.5324,0.6400059,0.0,0.0,0.10315641,881.78613,553.5673,0.5715424,929.41046,608.83496,0.86470884,823.0716,602.3682,0.958007,959.6561,714.07825,0.83100957,839.49316,703.5582,0.9635069,942.20496,631.6646,0.79629564,896.6362,603.9351,0.933469,903.3525,825.95435,0.8884171,816.1068,824.528,0.93414706,0.0,0.0,0.4107189,783.1883,972.8568,0.55185276,0.0,0.0,0.09655305,0.0,0.0,0.12783842
915.4074,576.5297,0.7518862,0.0,0.0,0.31019282,908.91046,563.094,0.6717606,0.0,0.0,0.10776786,881.2824,553.66925,0.5940864,930.18915,609.3406,0.86882466,822.30566,602.5254,0.96062666,959.4243,714.32465,0.82895494,838.46246,703.2926,0.96437955,942.85364,633.6056,0.79372585,896.3927,604.94885,0.93433714,904.3103,825.3521,0.88755643,816.055,823.8366,0.9345155,0.0,0.0,0.40803143,781.49854,973.6943,0.5522904,0.0,0.0,0.09561678,0.0,0.0,0.12758107
915.11865,577.008,0.7738748,0.0,0.0,0.33573475,908.2502,563.32983,0.70188403,0.0,0.0,0.11340535,879.6327,553.3301,0.6158367,931.09424,609.6642,0.8728685,821.10297,603.0383,0.9643061,958.6441,713.7428,0.8265282,838.6916,703.83875,0.9666509,943.3499,635.4901,0.7917782,896.42413,604.8724,0.9373958,906.3519,825.11066,0.8911216,816.73737,823.7633,0.93858963,0.0,0.0,0.42164564,780.809,974.7301,0.5742009,0.0,0.0,0.101351686,0.0,0.0,0.13764596
913.74854,576.7725,0.81566936,0.0,0.0,0.4044204,906.08716,562.81525,0.7488593,0.0,0.0,0.13323449,876.2141,552.19226,0.63853693,931.57965,609.61725,0.89044464,820.2107,602.4878,0.96723056,959.08246,712.8996,0.83850276,839.72394,703.8792,0.96606886,941.3134,633.0772,0.8024544,894.8308,607.3435,0.93693805,906.9437,824.8217,0.89607424,816.4757,823.0514,0.93944037,0.0,0.0,0.43830922,781.1128,972.906,0.58210105,0.0,0.0,0.10918366,0.0,0.0,0.14504516
913.8163,576.346,0.8158046,0.0,0.0,0.4052211,906.24646,562.41595,0.7485328,0.0,0.0,0.13401456,876.3457,552.0099,0.6385735,931.66064,609.8325,0.8915517,820.2177,602.54504,0.96721786,960.011,712.664,0.8397813,840.1655,703.03094,0.9659015,942.2533,635.1501,0.8036945,895.13806,608.0471,0.9367366,906.8324,824.7569,0.8972035,816.4366,822.891,0.9398,0.0,0.0,0.4411884,781.37054,973.04004,0.58369917,0.0,0.0,0.110160634,0.0,0.0,0.14590903
